1.759999990463256836e-01
1.770000010728836060e-01
1.770000010728836060e-01
1.770000010728836060e-01
1.770000010728836060e-01
1.780000030994415283e-01
1.780000030994415283e-01
1.780000030994415283e-01
1.790000051259994507e-01
1.790000051259994507e-01
1.800000071525573730e-01
1.800000071525573730e-01
1.809999942779541016e-01
1.819999963045120239e-01
1.829999983310699463e-01
1.840000003576278687e-01
1.850000023841857910e-01
1.860000044107437134e-01
1.870000064373016357e-01
1.879999935626983643e-01
1.889999955892562866e-01
1.899999976158142090e-01
2.169999927282333374e-01
0.000000000000000000e+00
4.110000133514404297e-01
4.140000045299530029e-01
4.180000126361846924e-01
4.199999868869781494e-01
4.250000119209289551e-01
4.289999902248382568e-01
4.329999983310699463e-01
4.370000064373016357e-01
4.410000145435333252e-01
4.460000097751617432e-01
4.510000050067901611e-01
4.569999873638153076e-01
4.600000083446502686e-01
4.659999907016754150e-01
4.720000028610229492e-01
4.790000021457672119e-01
4.850000143051147461e-01
4.920000135898590088e-01
4.990000128746032715e-01
5.070000290870666504e-01
5.170000195503234863e-01
5.260000228881835938e-01
5.350000262260437012e-01
5.440000295639038086e-01
5.540000200271606445e-01
5.649999976158142090e-01
5.770000219345092773e-01
5.889999866485595703e-01
6.010000109672546387e-01
6.119999885559082031e-01
6.230000257492065430e-01
6.320000290870666504e-01
6.420000195503234863e-01
6.690000295639038086e-01
6.840000152587890625e-01
7.080000042915344238e-01
7.220000028610229492e-01
7.350000143051147461e-01
7.649999856948852539e-01
7.820000052452087402e-01
8.149999976158142090e-01
8.529999852180480957e-01
8.870000243186950684e-01
9.029999971389770508e-01
9.229999780654907227e-01
9.610000252723693848e-01
1.034000039100646973e+00
1.085999965667724609e+00
1.126000046730041504e+00
1.174999952316284180e+00
1.220999956130981445e+00
1.335999965667724609e+00
1.370000004768371582e+00
1.514000058174133301e+00
1.559999942779541016e+00
9.250000119209289551e-01
9.250000119209289551e-01
9.290000200271606445e-01
9.259999990463256836e-01
9.359999895095825195e-01
9.779999852180480957e-01
9.919999837875366211e-01
2.938999891281127930e+00
2.938999891281127930e+00
2.946000099182128906e+00
2.926000118255615234e+00
2.923000097274780273e+00
2.927999973297119141e+00
2.927999973297119141e+00
2.926000118255615234e+00
2.927999973297119141e+00
2.924000024795532227e+00
2.933000087738037109e+00
1.013000011444091797e+00
1.031000018119812012e+00
9.620000123977661133e-01
9.620000123977661133e-01
9.689999818801879883e-01
9.710000157356262207e-01
9.769999980926513672e-01
2.960000038146972656e+00
2.084000110626220703e+00
2.062999963760375977e+00
2.098999977111816406e+00
2.112999916076660156e+00
2.115999937057495117e+00
2.124000072479248047e+00
2.125999927520751953e+00
2.150000095367431641e+00
2.164999961853027344e+00
2.178999900817871094e+00
2.187000036239624023e+00
2.210999965667724609e+00
2.141999959945678711e+00
1.672000050544738770e+00
1.621999979019165039e+00
1.286999940872192383e+00
1.268000006675720215e+00
1.264000058174133301e+00
1.235999941825866699e+00
1.251000046730041504e+00
1.243000030517578125e+00
1.672999978065490723e+00
2.515000104904174805e+00
2.526000022888183594e+00
1.458999991416931152e+00
1.419000029563903809e+00
1.417000055313110352e+00
1.470999956130981445e+00
2.690999984741210938e+00
2.746999979019165039e+00
2.765000104904174805e+00
1.055999994277954102e+00
1.031999945640563965e+00
1.014999985694885254e+00
1.013000011444091797e+00
1.003000020980834961e+00
1.004999995231628418e+00
1.001999974250793457e+00
9.840000271797180176e-01
9.840000271797180176e-01
9.980000257492065430e-01
1.001000046730041504e+00
1.009999990463256836e+00
1.024999976158142090e+00
1.036000013351440430e+00
0.000000000000000000e+00
3.890000104904174805e+00
3.930999994277954102e+00
2.529999971389770508e+00
2.457000017166137695e+00
2.447000026702880859e+00
1.973000049591064453e+00
1.896000027656555176e+00
1.879999995231628418e+00
1.871000051498413086e+00
1.866999983787536621e+00
1.871999979019165039e+00
1.904000043869018555e+00
1.845999956130981445e+00
2.279000043869018555e+00
2.278000116348266602e+00
2.266000032424926758e+00
2.266999959945678711e+00
2.229000091552734375e+00
2.224999904632568359e+00
2.234999895095825195e+00
2.213999986648559570e+00
2.191999912261962891e+00
2.194999933242797852e+00
2.197000026702880859e+00
2.196000099182128906e+00
2.191999912261962891e+00
2.176000118255615234e+00
2.174999952316284180e+00
1.774999976158142090e+00
1.705999970436096191e+00
1.763000011444091797e+00
1.728999972343444824e+00
1.685999989509582520e+00
1.745000004768371582e+00
1.690999984741210938e+00
1.730000019073486328e+00
1.768000006675720215e+00
2.194000005722045898e+00
2.193000078201293945e+00
2.197999954223632812e+00
2.194000005722045898e+00
2.213999986648559570e+00
2.210000038146972656e+00
2.232000112533569336e+00
2.236000061035156250e+00
2.326999902725219727e+00
2.032999992370605469e+00
1.779000043869018555e+00
1.723000049591064453e+00
1.669999957084655762e+00
1.534999966621398926e+00
1.501000046730041504e+00
1.409000039100646973e+00
1.327999949455261230e+00
1.279000043869018555e+00
1.218999981880187988e+00
1.179000020027160645e+00
1.129999995231628418e+00
1.123999953269958496e+00
1.078999996185302734e+00
0.000000000000000000e+00
9.959999918937683105e-01
9.739999771118164062e-01
9.520000219345092773e-01
9.399999976158142090e-01
9.029999971389770508e-01
8.870000243186950684e-01
8.780000209808349609e-01
8.489999771118164062e-01
8.370000123977661133e-01
8.240000009536743164e-01
7.950000166893005371e-01
7.789999842643737793e-01
7.630000114440917969e-01
7.419999837875366211e-01
7.400000095367431641e-01
7.220000028610229492e-01
7.139999866485595703e-01
7.030000090599060059e-01
6.909999847412109375e-01
6.790000200271606445e-01
6.710000038146972656e-01
6.589999794960021973e-01
6.510000228881835938e-01
6.430000066757202148e-01
6.340000033378601074e-01
6.250000000000000000e-01
6.159999966621398926e-01
6.119999885559082031e-01
6.100000143051147461e-01
6.029999852180480957e-01
5.979999899864196777e-01
5.920000076293945312e-01
5.870000123977661133e-01
5.820000171661376953e-01
5.759999752044677734e-01
5.699999928474426270e-01
5.649999976158142090e-01
5.609999895095825195e-01
5.559999942779541016e-01
5.529999732971191406e-01
5.500000119209289551e-01
5.469999909400939941e-01
5.440000295639038086e-01
5.410000085830688477e-01
5.389999747276306152e-01
5.350000262260437012e-01
5.329999923706054688e-01
5.310000181198120117e-01
5.299999713897705078e-01
5.279999971389770508e-01
5.270000100135803223e-01
5.260000228881835938e-01
5.249999761581420898e-01
5.230000019073486328e-01
5.220000147819519043e-01
5.210000276565551758e-01
5.210000276565551758e-01
5.210000276565551758e-01
5.220000147819519043e-01
5.220000147819519043e-01
5.270000100135803223e-01
5.260000228881835938e-01
5.249999761581420898e-01
5.239999890327453613e-01
5.239999890327453613e-01
5.230000019073486328e-01
5.220000147819519043e-01
5.260000228881835938e-01
5.260000228881835938e-01
5.230000019073486328e-01
5.270000100135803223e-01
5.320000052452087402e-01
5.329999923706054688e-01
5.400000214576721191e-01
5.410000085830688477e-01
5.400000214576721191e-01
5.419999957084655762e-01
5.440000295639038086e-01
5.479999780654907227e-01
5.509999990463256836e-01
5.550000071525573730e-01
5.619999766349792480e-01
5.649999976158142090e-01
5.709999799728393555e-01
5.759999752044677734e-01
5.809999704360961914e-01
5.879999995231628418e-01
5.929999947547912598e-01
5.989999771118164062e-01
6.050000190734863281e-01
6.079999804496765137e-01
6.140000224113464355e-01
6.190000176429748535e-01
6.250000000000000000e-01
6.330000162124633789e-01
6.420000195503234863e-01
6.990000009536743164e-01
6.129999756813049316e-01
6.129999756813049316e-01
6.029999852180480957e-01
5.910000205039978027e-01
5.789999961853027344e-01
5.659999847412109375e-01
5.550000071525573730e-01
5.460000038146972656e-01
5.350000262260437012e-01
5.260000228881835938e-01
5.180000066757202148e-01
5.099999904632568359e-01
5.019999742507934570e-01
4.939999878406524658e-01
4.869999885559082031e-01
4.810000061988830566e-01
4.760000109672546387e-01
4.720000028610229492e-01
4.639999866485595703e-01
4.600000083446502686e-01
4.569999873638153076e-01
2.520000040531158447e-01
2.469999939203262329e-01
2.419999986886978149e-01
1.949999928474426270e-01
2.220000028610229492e-01
2.090000063180923462e-01
1.940000057220458984e-01
1.920000016689300537e-01
1.909999996423721313e-01
1.899999976158142090e-01
1.889999955892562866e-01
1.879999935626983643e-01
1.870000064373016357e-01
1.860000044107437134e-01
1.850000023841857910e-01
1.850000023841857910e-01
1.840000003576278687e-01
1.829999983310699463e-01
1.829999983310699463e-01
1.829999983310699463e-01
1.819999963045120239e-01
1.809999942779541016e-01
1.809999942779541016e-01
1.809999942779541016e-01
1.809999942779541016e-01
1.800000071525573730e-01
1.800000071525573730e-01
1.800000071525573730e-01
1.800000071525573730e-01
1.800000071525573730e-01
